82
87
235
274
277
280
281
287
292
293
294
298
303
304
305
306
316
317
337
477
478
479
480
488
493
498
529
536
539
545
546
548
549
550
553
554
555
562
564
569
571
573
574
575
577
580
582
584
585
587
588
589
594
595
596
597
598
600
605
607
611
612
614
615
618
621
622
623
624
631
633
636
648
651
654
670
672
676
685
912
913
920
924
971
1032
1035
1044
1058
1062
1078
1087
1272
1280
1281
1282
1283
1284
1286
1288
1290
1292
1293
1294
1295
1296
1390
1392
1396
1397
1398
1401
1402
1405
1406
1409
1422
1423
1426
1428
1430
1442
1451
1456
1462
1464
1473
1474
1482
1484
1589
1590
1598
1610
1613
1655
1656
1660
1664
1667
1671
1697
1698
1703
1705
1708
1709
1710
1712
1713
1714
1717
1718
1720
1725
1727
1747
1750
1753
1764
1765
1766
1767
1768
1772
1773
1776
1777
1780
1782
1783
1785
1787
1788
1789
1790
1792
1793
1794
1796
1797
1798
1800
1801
1804
1816
1818
1823
1829
1830
1831
1837
1838
1848
1861
1867
1868
1869
1886
1888
1890
1898
1928
1930
1931
1932
1938
1943
1944
1946
1954
1967
1969
1970
1971
1993
1999
2017
2030
2047
2051
2055
2072
2283
2286
2352
2360
2743
2746
13373
13773
28035
28045
28047
28094
28095
28141
28142
28144
28146
28147
28150
28151
28214
28232
28252
28445
28450
28887
28894
28901
29311
29313
29314
29316
29317
29379
29382
29388
29396
29401
29421
29433
29448
29459
29466
29472
29473
29482
29484
29485
29494
29495
29571
29581
32002
32040
33007
33028
33059
33060
33885
33934
33938
33941
33984
34002
34004
34006
34007
34009
34027
34028
34042
34060
34062
34073
34101
35622
35703
35752
35754
35755
35756
35761
35762
35804
35805
35841
36811
36813
36816
36821
36822
36861
36863
37326
37329
37330
37332
37333
37625
37636
37637
37915
37919
37923
37927
37928
38284
38290
38310
38312
38875
39478
39688
39689
39691
39692
39769
39777
39778
39791
40214
40318
40324
40983
41202
41514
41517
41518
41529
41899
42197
42234
42236
42256
42566
42858
42895
43263
43304
43306
43348
43658
43667
43670
43671
43675
43678
43765
43767
43768
43769
43770
44010
44139
44252
44742
44933
44935
45465
45670
46126
46127
46158
46159
46163
46165
46176
46177
46180
46610
46626
46679
46680
47421
47481
47839
47847
47850
47855
47858
47864
47875
47878
47879
47883
47886
47917
47920
47988
48409
49283
49319
49338
50259
50421
50741
51161
51288
51671
52021
52226
52259
52695
52696
52697
52774
53249
53336
53344
53372
53376
53408
53429
53432
53450
53458
53462
53463
53501
53633
54291
54388
54398
54571
54736
55207
55208
55209
55211
55508
55952
56425
56427
56438
56636
56689
56811
56812
56956
57045
57046
57480
57489
57706
57741
57743
57975
58095
58096
58097
58100
58109
58114
58117
58119
58712
59201
59202
59203
59204
59205
59207
59750
59813
59845
59893
60442
60481
60520
60547
60548
60550
60552
60890
60894
60912
60922
61645
61646
61647
61648
61651
61652
64104
64702
65505
65515
65735
65786
66347
66692
66712
66870
67081
67296
67302
67385
67824
67825
67827
67828
68175
68203
68213
68214
68223
68230
68233
68243
68249
68254
68255
68262
68268
68270
68280
68895
68898
69218
69220
69279
69280
69360
69369
69370
69392
69656
69665
69670
69966
69974
70125
70255
70258
70586
71237
71253
72360
72361
72407
72556
72557
73030
74033
74329
74661
74706
74829
75379
75385
75588
75612
75697
75922
76114
76726
76728
76731
76760
76761
76762
76861
77097
77133
78398
78544
79269
79880
79909
80842
80866
80878
81408
81858
82346
82367
82380
82633
82689
82977
82987
82991
82993
82996
83219
83331
83332
83333
83334
83406
83655
83656
83767
83784
84139
84962
85044
85075
85336
85682
85688
85693
85698
85925
85968
86102
86177
86180
86188
86265
86473
86665
87883
89051
89053
89184
90105
90239
90240
90241
90242
90244
90367
90370
90371
90975
92487
92647
92706
92743
93061
93062
93220
93369
93378
93944
93980
94132
94626
94627
95301
95485
95486
96241
96344
96563
96773
97473
98228
98360
99287
99653
100226
101571
102862
103232
103621
103721
103733
103734
103808
103816
103836
103838
103891
103892
104087
104099
104100
104102
104623
106590
107327
108619
110319
110505
111015
111769
111770
111806
113268
113559
113562
113568
113574
115335
115981
116718
117506
117541
117567
119000
119219
119912
119981
120959
121277
121719
121821
123899
125288
126157
126673
128780
129817
129847
131109
132249
132264
132266
132267
132473
132476
133448
134047
134375
134537
134601
134849
134964
134984
135461
135487
135740
135826
135947
135948
135950
136273
136857
137545
137658
138119
139438
141389
141693
142585
143221
144026
144550
145285
146017
146018
146035
146536
146802
146923
147248
147375
147645
149385
149386
149387
149388
149390
149391
149539
150248
150396
151783
151784
152142
152500
152573
153151
153491
153493
153730
153731
153971
154117
154654
155085
155322
155900
155976
156981
157225
157465
157592
158822
158823
158836
158849
158877
158878
158898
159449
159743
160434
160825
161355
161896
162426
162496
163011
163603
164330
164546
164756
164757
164759
165302
165438
168697
169427
169430
169480
169765
170367
170540
170573
171292
171437
172042
172713
173053
173362
173365
173560
173990
174641
175306
175570
176279
176280
177437
178306
178339
178340
178566
178900
178901
179636
179819
179879
179997
180282
180848
180862
180866
180867
180868
180881
180891
180957
182270
183556
183795
184748
184870
185139
185642
186116
186761
187272
187304
187979
188770
188915
189201
189425
189426
189873
189918
191292
191960
192953
192954
192955
192956
194197
194673
196162
196164
196367
196587
196627
197479
198092
198214
198431
198467
198481
198482
198483
198616
198620
198628
199310
200378
200446
200450
200451
202952
204039
204042
204722
204773
207809
208224
208445
208602
208962
208963
208964
211460
211968
213224
213419
213554
213588
214095
214473
215690
215691
216592
216597
216778
216929
217031
217203
217204
217992
218491
218493
219574
220341
220668
220687
220697
221799
222805
223184
223392
223900
224308
224727
224729
224914
225051
226900
227316
227318
227476
227605
227715
227866
228006
228405
229007
230470
232721
233413
233583
235205
235987
236067
236499
236511
237609
238013
240427
240840
243061
243160
243243
243365
243924
244292
244366
245188
246196
246432
247156
247482
248315
248903
252130
252230
252514
252970
253839
254787
255457
255519
256034
256037
256318
256701
256839
257274
257309
257772
257985
258256
259536
260084
260086
260367
260552
260554
260678
260936
262076
262209
262316
262698
263067
264198
264251
264297
265175
265293
265948
266117
266128
266130
266264
267128
267363
267608
267747
268407
269482
269799
270368
270374
271096
271099
271420
271848
272557
272560
272620
272774
273384
273526
278137
278992
279010
279262
279714
279808
279824
280871
281252
281309
281739
282197
282458
283686
283734
284577
285351
285473
285562
285568
285665
286438
286780
286782
286783
287478
287609
288681
289003
290338
290339
290397
290398
290399
291045
292415
292462
293089
295319
296591
297318
298596
298908
299421
299766
299767
300028
300181
300266
300267
300268
300269
306545
307486
307580
309857
310355
310575
310779
311182
313589
314253
314262
314278
315730
315749
318586
319706
320371
320372
321266
321314
321316
321318
321339
321661
321846
321895
321983
323097
323098
323423
324058
324833
324952
326423
326475
326476
326522
326523
327160
329406
330734
331111
331696
332175
332411
332522
332524
333965
334390
334542
334858
335286
335406
335431
335476
335973
336306
336628
336831
337097
337480
337895
338969
339268
339658
339670
339866
340100
340102
340188
340190
340214
340322
342110
342113
343013
343235
343240
345219
345341
345631
349123
349163
349215
349221
349313
349521
350054
350058
351052
351348
352869
353569
354243
356147
356852
357233
357348
357385
358220
358771
359110
359370
359391
360316
361100
361183
361279
361575
362663
363568
363569
363754
363870
364030
364106
364197
364198
364200
364297
365044
365340
365591
366289
366602
367190
367830
368603
368607
369723
369935
371042
372463
372484
373054
373384
373687
374515
375175
375451
375541
375574
375760
376427
379482
379731
379893
380244
380248
380675
380911
381306
381666
381754
382504
386301
386911
386913
388739
390989
391008
391037
391038
391601
392015
392500
392593
392610
392828
393595
393765
394221
394935
395019
395965
396015
396513
396598
396712
397945
398577
398578
398694
398759
398767
398773
399497
399581
399584
399586
399587
399741
399742
401470
401471
402626
403957
404589
404881
405444
405446
405531
405532
405534
405535
405948
405955
406100
406432
407035
407152
408172
409290
409438
410289
410359
410659
411466
412022
412689
412755
412955
412965
413306
413497
413501
413502
413503
414046
415218
415747
416169
416344
416568
416872
416873
416944
417102
417292
417367
418495
418599
418719
418750
419257
419475
419477
419597
419650
419947
420246
420662
422442
423368
423477
424218
424795
425004
425104
426114
426355
426430
426688
426756
426757
427317
427318
428406
428992
430066
430531
431058
432303
433330
433647
433659
433663
433664
434008
434009
434010
434085
435908
435910
436295
436595
437900
438744
438753
439292
439334
439375
439699
439843
439851
439855
440524
441119
441209
442121
442341
443143
443218
444103
444178
445709
446462
446465
446466
446468
446470
446471
446860
447199
447217
447424
447425
449393
450749
450851
451513
451644
451709
452629
453573
453836
454166
454169
455193
455432
455488
456163
456490
458233
458817
459472
459658
459858
460265
463044
463200
463301
463642
465517
465721
469383
469613
470074
470137
470868
470932
470934
471223
471514
471853
471856
471874
472582
472694
472705
475081
475083
475662
475791
476157
476213
476652
477184
477245
478008
479431
479432
479433
479435
479936
479978
480035
480658
481146
481743
482462
482827
482957
483179
483545
483687
483913
483937
484770
485602
485907
486698
486992
486993
486994
486998
486999
487004
487175
487514
487521
488447
488533
488535
488730
488732
490759
490901
491077
492670
494016
494026
494916
496014
497725
497977
500635
500638
500640
501010
501483
501868
502049
502051
502347
504797
504798
504832
505252
507522
507626
512030
512350
512402
512565
513052
515415
515897
516124
517425
517433
518897
520092
520456
520462
521392
521720
522262
522373
522772
522889
523791
525246
525309
525341
525368
525370
525918
526216
526226
526227
526729
527326
527639
529122
529507
530584
531310
531814
535289
535904
537010
539813
543527
543913
544480
544580
544581
545501
545619
546114
546266
546271
546272
546273
546274
546365
546367
547122
547162
548470
548479
548485
550537
550538
550542
550984
551947
551988
551989
552061
553198
553207
553311
553814
554083
554131
554290
556288
557599
558173
558537
560555
560819
561176
561184
561229
561230
562729
562970
562973
563033
563192
563735
564066
564117
564714
565560
566546
566549
566551
568098
568708
568768
568815
568844
568860
568898
569857
569862
570924
570935
571190
571255
571912
572264
572478
573060
574096
574349
574521
574651
574750
575256
575587
575599
576118
576944
579405
580165
581103
582607
582692
582850
582899
584657
585035
585054
585055
585056
585057
585397
586733
587636
587753
587851
587872
588067
588602
588858
589161
589162
589330
589382
589924
590409
590652
590998
592050
592361
592376
593105
593135
593905
593907
595497
595502
596154
596155
598660
607712
610332
611304
614648
616675
616997
619304
620910
621372
621376
626774
626887
627089
630514
630515
630626
630973
630975
631454
632772
632773
633194
634462
634500
634503
637389
637390
637679
637910
637971
638302
638953
639282
640030
640512
640635
640948
641118
641147
641149
641238
641841
642227
642797
643214
643561
644548
644801
645275
645465
647910
649742
650850
650891
652676
653386
653733
655186
655353
655816
656366
656397
656410
656417
656447
657014
657387
658080
658167
658218
658219
659015
659016
659018
659243
659352
659824
661398
661399
661491
661492
662548
663609
664683
664692
664693
665038
665467
665914
665942
666684
666685
666702
666964
667120
667129
667135
667676
670052
670078
670079
670307
670482
670487
671065
671143
671990
672460
673372
674703
675635
679201
679202
679318
679663
680125
680198
680496
680646
681627
682796
682797
682956
682998
683260
683354
685038
685727
686597
686624
686800
690164
692420
693023
693216
693444
693986
693988
697282
697284
698757
698759
700597
701041
701042
701043
701213
701347
703222
705336
706439
706570
706587
710421
710685
710696
712116
712528
712538
713030
713585
714109
714136
714307
714531
714899
715475
715784
716541
717785
718222
718251
732237
742159
743299
743525
743719
743974
745277
747076
747365
748280
748909
749414
749551
749907
751945
751969
754091
754093
754476
756689
757424
758802
758803
758825
759851
761804
762376
762633
762948
762963
762966
763782
765699
765888
766140
766147
766150
767452
767916
768066
768493
795312
795644
795645
798128
857265
859059
859656
860221
860235
861445
862114
863227
864073
864563
866350
866776
866778
867076
867683
868141
869210
869670
869687
871203
871741
871742
875041
875328
876478
879310
879969
881260
882081
882083
882086
882440
882441
882448
882449
882452
882824
883069
883156
883161
883812
884204
885040
886343
886464
886559
886882
887070
887898
887899
888019
888050
888052
888056
888060
888741
888742
904139
908339
908341
909626
909945
909946
910412
910964
910996
911045
911238
911242
913070
913074
913076
913079
913085
913240
913252
913848
913969
915472
926570
927703
927704
927786
929813
930114
930117
930118
930128
930130
930131
930166
930169
930171
930945
931535
931536
933059
935266
935844
935850
936338
936381
936548
936565
936572
936573
936589
936591
938143
938273
938405
940233
941280
941322
942866
943815
944560
944564
945360
946228
947515
947919
947969
948458
977794
977880
979746
980631
985002
985055
985665
985762
987057
988821
989403
989410
990282
990288
990373
991919
994484
995038
995039
996342
996637
996641
997339
999141
999541
1000565
1001240
1001822
1002364
1002370
1002870
1003181
1003195
1003200
1004901
1005394
1005554
1005665
1005667
1005944
1005945
1005994
1005995
1006004
1006155
1006551
1007676
1009682
1010796
1010802
1016998
1027292
1027371
1027633
1028307
1028414
1028416
1028490
1028752
1028989
1030092
1030841
1031538
1031594
1031711
1032476
1032480
1033734
1033736
1033846
1034889
1035195
1036020
1036182
1036672
1037355
1037915
1038922
1038928
1040979
1041522
1042160
1042209
1042878
1043206
1045010
1045317
1045558
1047172
1048245
1049564
1049583
1050105
1050190
1050370
1051006
1051347
1052585
1053201
1053205
1053206
1053211
1053215
1053219
1053223
1053224
1053231
1053233
1053236
1053238
1053242
1053243
1054498
1055533
1055535
1055536
1055537
1055538
1056496
1056807
1069220
1069827
1069963
1070861
1071078
1071679
1072256
1072583
1072685
1073253
1073362
1073571
1073574
1073999
1074000
1074919
1075090
1076125
1076179
1076550
1076551
1076744
1077935
1077944
1077946
1078020
1078050
1078083
1078087
1078089
1081025
1082479
1086030
1088868
1089444
1089453
1089455
1090615
1091042
1094342
1094979
1095383
1097667
1100718
1101373
1104324
1105030
1105143
1105204
1108044
1108595
1108812
1110502
1110505
1110546
1110697
1113728
1114960
1115510
1115512
1115515
1115803
1117379
1117647
1118451
1120679
1120923
1120940
1121001
1121117
1121279
1121352
1121362
1121395
1121405
1121927
1121939
1121942
1122140
1122185
1122189
1122192
1122209
1122214
1123014
1123016
1123024
1123231
1123357
1123498
1123756
1123773
1124743
1124744
1124761
1124991
1125630
1125717
1125718
1125724
1125779
1125972
1127134
1127694
1128664
1128676
1128677
1128680
1128761
1128912
1129374
1129896
1129897
1131730
1131731
1132417
1133106
1133344
1133852
1134474
1134687
1136497
1136941
1137280
1141106
1141660
1141662
1141874
1144335
1144338
1144553
1144708
1144873
1147786
1149862
1149953
1151001
1151002
1151166
1151170
1151173
1151180
1155079
1155384
1155722
1155777
1157951
1158459
1160705
1160739
1160755
1160765
1160769
1160778
1162418
1163398
1165852
1167641
1168039
1168287
1168729
1168730
1168865
1169322
1171373
1173427
1173578
1173779
1173947
1173950
1174501
1176243
1176259
1177930
1178482
1179674
1181670
1181728
1182732
1184607
1184609
1185325
1185653
1185920
1187855
1188745
1189325
1192124
1192162
1192197
1192560
1192586
1192688
1192730
1192839
1192842
1192854
1193181
1193182
1193518
1193713
1194083
1194972
1195246
1195761
1196083
1196353
1196835
1197174
1197719
1198449
1200984
1201031
1202448
1203562
1203578
1203592
1203593
1203605
1203619
1203622
1205910
1206749
1207063
1207504
1208583
1208611
1209954
1210091
1211807
1212548
1214101
1214102
1214787
1214915
1215031
1215092
1215925
1217418
1217737
1218175
1218315
1218352
1219049
1219581
1220583
1220594
1220600
1221522
1223503
1223511
1223542
1223544
1224162
1224163
1224164
1225647
1226750
1226753
1227261
1227262
1227550
1227551
1227553
1228055
1229514
1229521
1229783
1230338
1231053
1231725
1232220
1232724
1232866
1233873
1234381
1234382
1234597
1235259
1235279
1235795
1235825
1235827
1236220
1236548
1236550
1236609
1236960
1236968
1238180
1239307
1240404
1241935
1242107
1242689
1243585
1243597
1243602
1243617
1245441
1245525
1246301
1246476
1248823
1249101
1249555
1255043
1255616
1255617
1259133
1259145
1259147
1259150
1259157
1259159
1259164
1259182
1259184
1259189
1259190
1259198
1259199
1259201
1259203
1259220
1259223
1259228
1259235
1259239
1259242
1259246
1259254
1259262
1259266
1259973
1260918
1260955
1261127
1261629
1262550
1262876
1262975
1262986
1263550
1263636
1265311
1265486
1265816
1265819
1265822
1265827
1265868
1265931
1267768
1268622
1273125
1273442
1274357
1274374
1274524
1276757
1276920
1276936
1278076
1278309
1280376
1280637
1280944
1280951
1280952
1280953
1280986
1281200
1281767
1281780
1282360
1282737
1282883
1284240
1285192
1285901
1286094
1286822
1287727
1287735
1287736
1287737
1287738
1288362
1288385
1288388
1288826
1291556
1293440
1293586
1293891
1294143
1295141
1295382
1295626
1295642
1296536
1296669
1297581
1297885
1298594
1298607
1298610
1299076
1299077
1299078
1299111
1299166
1299174
1299221
1299258
1299326
1299331
1300165
1300253
1300344
1300347
1300915
1301086
1301098
1302272
1302615
1302659
1303921
1304275
1304889
1305738
1305739
1305826
1305830
1306176
1306179
1306181
1306852
1306954
1307497
1307500
1310165
1312183
1312740
1313067
1315967
1316928
1317124
1319510
1321775
1321781
1321786
1321818
1323740
1324261
1324269
1324314
1324350
1324864
1324966
1325083
1325724
1325931
1327752
1329824
1330043
1330072
1331668
1333528
1334193
1334564
1335321
1335622
1336235
1336752
1337888
1338368
1338420
1339210
1340177
1340495
1341646
1341696
1346889
1348429
1348657
1348660
1348852
1348973
1349435
1349436
1350482
1352936
1353528
1353886
1353888
1353889
1353890
1353891
1354251
1354253
1354255
1354264
1354267
1354268
1354271
1354272
1354303
1354337
1357268
1358027
1365950
1367852
1367882
1378073
1381124
1384076
1384081
1384459
1385517
1385519
1385520
1385521
1385590
1385591
1386015
1386089
1387186
1387197
1387277
1387842
1387883
1389713
1389922
1389932
1389935
1392758
1392998
1393139
1395119
1395580
1395607
1395608
1396859
1397476
1397528
1397532
1397533
1400207
1400861
1400863
1401067
1401087
1401327
1403320
1403346
1403540
1403564
1403943
1403949
1404341
1408250
1408282
1408443
1408545
1410932
1411118
1411685
1412458
1412464
1412465
1412467
1412469
1412607
1413211
1413221
1415166
1415542
1415546
1415557
1415558
1415568
1416533
1416804
1416805
1416808
1418234
1419583
1420013
1420851
1420891
1420897
1423143
1423726
1423734
1423743
1423775
1423776
1423779
1423782
1423791
1423796
1423811
1423815
1423822
1424099
1424334
1424659
1424661
1427523
1427535
1427538
1428628
1428644
1429083
1430326
1430436
1430899
1431339
1432552
1432555
1432562
1432564
1434072
1434822
1434837
1435342
1435356
1435465
1435466
1436133
1436363
1437453
1437824
1437874
1437876
1439940
1441457
1441730
1441923
1444044
1444135
1445034
1446466
1446479
1448266
1449798
1449799
1450148
1452450
1452508
1453496
1458355
1458426
1461025
1461584
1462524
1462994
1463164
1463165
1464546
1465635
1468409
1469144
1470200
1470557
1470558
1471400
1472662
1472718
1472723
1472767
1475481
1478215
1479237
1479511
1482739
1485952
1486246
1486262
1486859
1487726
1487935
1492281
1494590
1494608
1494959
1494960
1494963
1495638
1496996
1497679
1497681
1499688
1499973
1501432
1502748
1502784
1502852
1502943
1503055
1503961
1504322
1504981
1505036
1506996
1507287
1507808
1508375
1508390
1510026
1510150
1510574
1517416
1519374
1519475
1519492
1519498
1520580
1522002
1522312
1522368
1522763
1523421
1523424
1524097
1524263
1524461
1524462
1526571
1526658
1526735
1527607
1527608
1528773
1529066
1529068
1530170
1532557
1532905
1535768
1536771
1536772
1536773
1536774
1537274
1537276
1538294
1538295
1538553
1541063
1542965
1543721
1544730
1544861
1546029
1547437
1552123
1554560
1559896
1560201
1561005
1561022
1562603
1562698
1563222
1563677
1564158
1566195
1566199
1566235
1566279
1566280
1566286
1567501
1570360
1570823
1570939
1572660
1572758
1572857
1577051
1577474
1577887
1579333
1581050
1581054
1581082
1581089
1581110
1581127
1581133
1581138
1588630
1590041
1593482
1605283
1605368
1605990
1607738
1608628
1608883
1609095
1609100
1609272
1609979
1610489
1610493
1610703
1611836
1614635
1615494
1616106
1616117
1616788
1616823
1617415
1617433
1619069
1619235
1619313
1619952
1620419
1620421
1621700
1622177
1623582
1628158
1628193
1628206
1628212
1628392
1629062
1629404
1629708
1629710
1629712
1629720
1629721
1632859
1633335
1635327
1637836
1637844
1637860
1637974
1637975
1639132
1639133
1639690
1640514
1640674
1642299
1642303
1642702
1642949
1644118
1644131
1646373
1646377
1648923
1649647
1650438
1650654
1651082
1651088
1652100
1652492
1652495
1652545
1654388
1655433
1658671
1658765
1660087
1660096
1660102
1660104
1660115
1660119
1660124
1660128
1660135
1660138
1660139
1660142
1660149
1660154
1660159
1660198
1662404
1663558
1664069
1666913
1666916
1667024
1667327
1671721
1671902
1672701
1673631
1673741
1674920
1678028
1678129
1681196
1682113
1684425
1685378
1685379
1686286
1686310
1686381
1686382
1688693
1689449
1690221
1690268
1691903
1692264
1695166
1695997
1699078
1699621
1699622
1701085
1701090
1701573
1702170
1703250
1703389
1703398
1703922
1703944
1704590
1705310
1705394
1705565
1706046
1706840
1707096
1711999
1712645
1712871
1712872
1714344
1715007
1715008
1715059
1715084
1715104
1715109
1715153
1715161
1715188
1715189
1715191
1715466
1716141
1718919
1718920
1718985
1719132
1720063
1720349
1723730
1725411
1727216
1732020
1734407
1734408
1735453
1735581
1735584
1735585
1735688
1736139
1736209
1736226
1736232
1736287
1736323
1736339
1736342
1736346
1736362
1736363
1736393
1736394
1736397
1736402
1736403
1736408
1736409
1736410
1736412
1736414
1736415
1736416
1736418
1736419
1736422
1736430
1736431
1736434
1736458
1736459
1736460
1736465
1736466
1736475
1736481
1736488
1736490
1736492
1736493
1736508
1736515
1736522
1736526
1736528
1736532
1736536
1736539
1736546
1736562
1736571
1736586
1736602
1736607
1736691
1736698
1737061
1737066
1737624
1739269
1739306
1739349
1739350
1739387
1739398
1739406
1739423
1739426
1739432
1739446
1739448
1739475
1739482
1739484
1739503
1739518
1742358
1742774
1743164
1745182
1745378
1747903
1748967
1749259
1751046
1755098
1755099
1755582
1758194
1758196
1758730
1759059
1759557
1761746
1761751
1761753
1761755
1761758
1761766
1761782
1761789
1761793
1761795
1761796
1761898
1761899
1761902
1761904
1761910
1763009
1763535
1763538
1763883
1764581
1765683
1765722
1769250
1770053
1772276
1772282
1772283
1773489
1774373
1774970
1775132
1775135
1775672
1775911
1777135
1777136
1777139
1777140
1777141
1777143
1778540
1778675
1780103
1785156
1785161
1792174
1793966
1794699
1794944
1795032
1795043
1795827
1795832
1796606
1796652
1797179
1797186
1797187
1797191
1797215
1797225
1797226
1797313
1797314
1797330
1797348
1797365
1797384
1797486
1797489
1797492
1797495
1797498
1797561
1797566
1797568
1797574
1797613
1797649
1797746
1797747
1797810
1797814
1797824
1797848
1797853
1797858
1797875
1797926
1798195
1798213
1798224
1798228
1798257
1798290
1798318
1798415
1798433
1798434
1798454
1798802
1801609
1801614
1801615
1801620
1801709
1801722
1801832
1801835
1801944
1801989
1802014
1802374
1803180
1803903
1805005
1805127
1805819
1805827
1805933
1806053
1807500
1812261
1812262
1812934
1812935
1813946
1814289
1816182
1817768
1817867
1819565
1820333
1822233
1823759
1825523
1826752
1827284
1827287
1827288
1827294
1827502
1828179
1834066
1834070
1834075
1834078
1834083
1834087
1834089
1834091
1834092
1834096
1834097
1834101
1834106
1834111
1834112
1834115
1834116
1834126
1834128
1834132
1834134
1834138
1834143
1834144
1834146
1834147
1834149
1834150
1834152
1834153
1834154
1834160
1835005
1835769
1837282
1837344
1837929
1838280
1839768
1839783
1840095
1840703
1841597
1841598
1841657
1841859
1841860
1842533
1842537
1842539
1842540
1843184
1844100
1844972
1847728
1848039
1848329
1848460
1848601
1848605
1848709
1848717
1849032
1849103
1849167
1849967
1851514
1851544
1852017
1852361
1852790
1852859
1852898
1853130
1853276
1853278
1855286
1855290
1855300
1855313
1855315
1855331
1855349
1855351
1855823
1856301
1856684
1856859
1856861
1856863
1856864
1858794
1859290
1860089
1860101
1860102
1862358
1866312
1866325
1867749
1867774
1867956
1868589
1869167
1869212
1869214
1869227
1869313
1869339
1870820
1871048
1871050
1871052
1871053
1871054
1871063
1871066
1871068
1871070
1871071
1871072
1871086
1871351
1871628
1872121
1872122
1872138
1872501
1872568
1872578
1872635
1872668
1873460
1873462
1874317
1874361
1874826
1876515
1879031
1880899
1881016
1881027
1881031
1881036
1881061
1882222
1882399
1882734
1882741
1882763
1882774
1882828
1883105
1883414
1883427
1883445
1883446
1884263
1884352
1885016
1886670
1888893
1889775
1890302
1891097
1891229
1891238
1891241
1891675
1891970
1892896
1895701
1895707
1895720
1895727
1895730
1895739
1895740
1895753
1895754
1895798
1895809
1895812
1895815
1895816
1895823
1895826
1895834
1895862
1895868
1895900
1895927
1897630
1897729
1898103
1898104
1898112
1898202
1898207
1898956
1902245
1902408
1902410
1902579
1902580
1903056
1903071
1903134
1903157
1903179
1903186
1903694
1903720
1904254
1904441
1904462
1904964
1904970
1905276
1905288
1905289
1905730
1906157
1906324
1906333
1906334
1906741
1907311
1908205
1909291
1909292
1909294
1909295
1909395
1909453
1909732
1911175
1911520
1911680
1912064
1912094
1912315
1912597
1912795
1912891
1913961
1913988
1913989
1914300
1914329
1914406
1914471
1915057
1915310
1915313
1915315
1915318
1916061
1916062
1916063
1916064
1916065
1916066
1916067
1916068
1916070
1917182
1917481
1917482
1917525
1917811
1917965
1917966
1917967
1918945
1918946
1920110
1920114
1920128
1920168
1920425
1920883
1921421
1921764
1922333
1925020
1925021
1926289
1926307
1926319
1926491
1926495
1926868
1926872
1926873
1926878
1926881
1928331
1928859
1929291
1929886
1930546
1931241
1931275
1931992
1932789
1933219
1933779
1933926
1934341
1938604
1938743
1938747
1938795
1938820
1938851
1938853
1938861
1938893
1940281
1940285
1940288
1940612
1940758
1941346
1943571
1943584
1944133
1945520
1945521
1945643
1945864
1945865
1945888
1945889
1948890
1949067
1949069
1949203
1953771
1954177
1954178
1955013
1955714
1958773
1958813
1958940
1960083
1960126
1962131
1962639
1962857
1962977
1963025
1963359
1964365
1964541
1965103
1965230
1965233
1965321
1965356
1967581
1967584
1967585
1967595
1967604
1967606
1967609
1967610
1967611
1967614
1967615
1967616
1967617
1967619
1967621
1967623
1967625
1967642
1967657
1967839
1967991
1968433
1969377
1969379
1969726
1969733
1970312
1970315
1970392
1970395
1970400
1970418
1970449
1970454
1970510
1970515
1970523
1970525
1970528
1970529
1970531
1970540
1970548
1970550
1970553
1970556
1970560
1970561
1970570
1970592
1971211
1971895
1972431
1972449
1973004
1973899
1973904
1973917
1973922
1973925
1973949
1973952
1973953
1973998
1974002
1974004
1974008
1974025
1974028
1974043
1974046
1974083
1974086
1974321
1974323
1975537
1975705
1975707
1977087
1977876
1977903
1978229
1978230
1978231
1978525
1978566
1979207
1981512
1981880
1982044
1982755
1982761
1983456
1985169
1985301
1985880
1987376
1987580
1987723
1993870
2003368
2003551
2004485
2004705
2004800
2005711
2005719
2005724
2005733
2006130
2006849
2008676
2009338
2010828
2012679
2013649
2013650
2013653
2013660
2013664
2013666
2013668
2013669
2013670
2013680
2013684
2013709
2013714
2013715
2013729
2013741
2013742
2013749
2013791
2013793
2013799
2013804
2013810
2014742
2014743
2014784
2014877
2014920
2015348
2015360
2015566
2015577
2015799
2016499
2016596
2017483
2017484
2017485
2017486
2018041
2018066
2018083
2018305
2020324
2020377
2020713
2020715
2020871
2020875
2021368
2021369
2021370
2021373
2021379
2021391
2021402
2021403
2021405
2021635
2022662
2022746
2022747
2022803
2023142
2023147
2023338
2023866
2023870
2024403
2024554
2024555
2024612
2024616
2024617
2024823
2024834
2024839
2024840
2024848
2024853
2024861
2024893
2024894
2024896
2025587
2026186
2026188
2026189
2026190
2026191
2026192
2026194
2026236
2026240
2026721
2026722
2026724
2026725
2026728
2026733
2026734
2026735
2026737
2026739
2026742
2026743
2026748
2026749
2026751
2026756
2026759
2026760
2026761
2026763
2026769
2026775
2026778
2026779
2026780
2026782
2026786
2026796
2026798
2026799
2026809
2026887
2027290
2027456
2027459
2027911
2027918
2027919
2028570
2029110
2029117
2029855
2029858
2029867
2030800
2030806
2030809
2030816
2030823
2030825
2030828
2030829
2030927
2032626
2032628
2032688
2033014
2033487
2033491
2033499
2033508
2033511
2033516
2033802
2033868
2034769
2035202
2035203
2035204
2035205
2035207
2035208
2035211
2035215
2035410
2035423
2035772
2036016
2036037
2038686
2039284
2039467
2041023
2041079
2041189
2041645
2042057
2042704
2043170
2044462
2044936
2044939
2044941
2044944
2045107
2045208
2045210
2045214
2045217
2047744
2048010
2048245
2048247
2048252
2048258
2048260
2048261
2048262
2048263
2048264
2048550
2048670
2049046
2049428
2049433
2049453
2050562
2050967
2051905
2051955
2051956
2052143
2052159
2052161
2052162
2052174
2052182
2052186
2052315
2052904
2053306
2053307
2053492
2053511
2053517
2053527
2053538
2053568
2053570
2053582
2053591
2053594
2053611
2053728
2055143
2055158
2055770
2055939
2056493
2056495
2056849
2056855
2057004
2057180
2057246
2058152
2058180
2058213
2058311
2058318
2058321
2058324
2058390
2058624
2058625
2058884
2058924
2059268
2059672
2060066
2060067
2060068
2065822
2066022
2066049
2067450
2067960
2068657
2069367
2070368
2070537
2070539
2070561
2070577
2070600
2070629
2070663
2071633
2071710
2072026
2072411
2072413
2072590
2073116
2073117
2073169
2075549
2075552
2075555
2077146
2077273
2078585
2078689
2078785
2079197
2079234
2079529
2079793
2079806
2080302
2080746
2080757
2080842
2081523
2081524
2083284
2086263
2093360
2094190
2094193
2099375
2099401
2099583
2099675
2099678
2100822
2107713
2109331
2109731
2109913
2109914
2109915
2109933
2109942
2116540
2116657
2126555
2126741
2133958
2135430
2135448
2135588
2135608
2135628
2135631
2135632
2135633
2135634
2135635
2135637
2135638
2135642
2135643
2136401
2137198
2144188
2153354
2153360
2153361
2153365
2153366
2161748
2161826
2163009
2163011
2169526
2169582
2170551
2170731
2171494
2171755
2172550
2174442
2175228
2182384
2182432
2183878
2183901
2183906
2183909
2183911
2183912
2183930
2183989
2184001
2184007
2184016
2184562
2184565
2184566
2184573
2184758
2185272
2200760
2200907
2201155
2201156
2201815
2201891
2202141
2202149
2202151
2202164
2202197
2202734
2202894
2202897
2203193
2203200
2203201
2203202
2203204
2203205
2203206
2203209
2203211
2203716
2204145
2211104
2211374
2211376
2212460
2212468
2212469
2213200
2213226
2217814
2217816
2217818
2217823
2217826
2217828
2217829
2217831
2217913
2219224
2219663
2231113
2248750
2248773
2249812
2250255
2250575
2250576
2250577
2250578
2250580
2259133
2259496
2259497
2259644
2267231
2267251
2267702
2268184
2268192
2268193
2268196
2268199
2268204
2269046
2282151
2282154
2282305
2282306
2282310
2282311
2282419
2282866
2283092
2283194
2283195
2291023
2292047
2292256
2292257
2292262
2293101
2293251
2293325
2293329
2293567
2293568
2293569
2293570
2293572
2294033
2294114
2294115
2294117
2303330
2303332
2303539
2303578
2304002
2304594
2305219
2305220
2305221
2305225
2305248
2306055
2306583
2315236
2315329
2315423
2315688
2320850
2320866
2321393
2338073
2338372
2341080
2341083
2341086
2364082
2364150
2364647
2382165
2419513
2419514
2419515
2419601
2419773
2419777
2420509
2448054
2448455
2448779
2478470
2478482
2478486
2479367
2479848
2480090
2480588
2480810
2480983
2482751
2483111
2483112
2483352
2483361
2483811
2485114
2485115
2485117
2485118
2485119
2485120
2485124
2485125
2485126
2485128
2485141
2485161
2485186
2487017
2487150
2487413
2487417
2487425
2487928
2488560
2488567
2488639
2488665
2489010
2490848
2490856
2490857
2490946
2491055
2491056
2491059
2492438
2493672
2493691
2494701
2494702
2495579
2495591
2495594
2495899
2496117
2496662
2496667
2496767
2496787
2496788
2496836
2496871
2497435
2497619
2497861
2497875
2497878
2498113
2498145
2498845
2498846
2498847
2498848
2499141
2499834
2499835
2500152
2500153
2500154
2500155
2500523
2500531
2501298
2502791
2505979
2506452
2507060
2507566
2507584
2508289
2508291
2508292
2508294
2508300
2508525
2508877
2508997
2509153
2509362
2509458
2509614
2509717
2509718
2510323
2510335
2510646
2510978
2511819
2511985
2512150
2512155
2512212
2512213
2512214
2512218
2512219
2512223
2512240
2517210
2517242
2518176
2518371
2518644
2527868
2528003
2528715
2528958
2529380
2529381
2529382
2530354
2530364
2530365
2530366
2530367
2530368
2530369
2530370
2530371
2530373
2530382
2530383
2545468
2545632
2545719
2545798
2545800
2546227
2546320
2546350
2546443
2546446
2547244
2547397
2547811
2548456
2552766
2555724
2555782
2555867
2555868
2558042
2558361
2559073
2559236
2559610
2559612
2560052
2561920
2562282
2562283
2562439
2562681
2562891
2562948
2563088
2563443
2563923
2563947
2564309
2564349
2564391
2564497
2564537
2564590
2564610
2564632
2564646
2564671
2564752
2564879
2564899
2564937
2565017
2565057
2565079
2565147
2565162
2565187
2565366
2565531
2565558
2565561
2565572
2565925
2565932
2567881
2567884
2568878
2569542
2569543
2569761
2569762
2569862
2570229
2571105
2571148
2571746
2571747
2572724
2572727
2572882
2572886
2572893
2572903
2575440
2575872
2576356
2576377
2576383
2576384
2576409
2576432
2576905
2577510
2577535
2577858
2577901
2578105
2579247
2579935
2580422
2580517
2582917
2583219
2583234
2583377
2583532
2583580
2583581
2583588
2583807
2583989
2584091
2584121
2585196
2585198
2585199
2585200
2585211
2586908
2587036
2587044
2587064
2587065
2587077
2587121
2587157
2587528
2587529
2587808
2587812
2587844
2587863
2587869
2589116
2589797
2589915
2589930
2589979
2590199
2590775
2590776
2590869
2591008
2591009
2591038
2591606
2592070
2592383
2592624
2592652
2592811
2593411
2593535
2593653
2593973
2594265
2594268
2594422
2594790
2595057
2596826
2596828
2596921
2597344
2597345
2597348
2597350
2597355
2597356
2597516
2597518
2597660
2597691
2599293
2600159
2600577
2601268
2601869
2601898
2602015
2602067
2603244
2603288
2603622
2604148
2604423
2604466
2604467
2604832
2604845
2604846
2604849
2604941
2605731
2605945
2606449
2606612
2606616
2606622
2606623
2606637
2606681
2606905
2606936
2607326
2607506
2607660
2608008
2608038
2608390
2608400
2608985
2610893
2610898
2614252
2614255
2614257
2614538
2614638
2614688
2614830
2615112
2650101
2650661
2650750
2651161
2651163
2651167
2651171
2651189
2651628
2651974
2652285
2652290
2652391
2652722
2652803
2653126
2653133
2653163
2653167
2653174
2653185
2653851
2653854
2653857
2653932
2653936
2654238
2654252
2654253
2654254
2654255
2654280
2654513
2654547
2654845
2654983
2656774
2660641
2660750
2661630
2661937
2662065
2662258
2662261
2662446
2662447
2663019
2663020
2663022
2663237
2663847
2663859
2664180
2665160
2665496
2665646
2666082
2666084
2666085
2666100
2666190
2666193
2666194
2666197
2666199
2666256
2666298
2666307
2670329
2670330
2670374
2670411
2672569
2675216
2675218
2675219
2675850
2675851
2676311
2678256
2678357
2678565
2678566
2678616
2681308
2681492
2681547
2681983
2681984
2682456
2682548
2682842
2682843
2682846
2683201
2683234
2684210
2684469
2685872
2690260
2690301
2690305
2690309
2690310
2690312
2690314
2690315
2690317
2690321
2690328
2690338
2690359
2690361
2690528
2691040
2691042
2691084
2691583
2691890
2692125
2692166
2692170
2692172
2692173
2692177
2692198
2692234
2692621
2695268
2695882
2697019
2697027
2697369
2697569
2698866
2699502
2700081
2703675
2703794
2703882
2703884
2703885
2704467
2705029
2705474
2705548
2706015
2706016
2706017
2706027
2706031
2706042
2706051
2706058
2706070
2706073
2706080
2706093
2706100
2706106
2707330
2707344
2707351
2708082
2708086
2709394
2710754
2711219
2712222
2713503
2713570
2713571
2714351
2714923
2714924
2714925
2714931
2714935
2714937
2714939
2714942
2714945
2714951
2714952
2715253
2716884
2717483
2717488
2717489
2719015
2721163
2721173
2722825
2723029
2723067
2723097
2723311
2724468
2724927
2725307
2725411
2725555
2725557
2725558
2725560
2725997
2726743
2726983
2727415
2728827
2728836
2728849
2728912
2729598
2729617
2729618
2729626
2729629
2730360
2730946
2732044
2733487
2735267
2735268
2735271
2735316
2735434
2735554
2735563
2735914
2737173
2738409
2738837
2738853
2738883
2739061
2739433
2740184
2740185
2740186
2740531
2740584
2740807
2740817
2741433
2741497
2741720
2741721
2742128
2742129
2742202
2742602
2742612
2742639
2742643
2742651
2742652
2742662
2742669
2742676
2742679
2742797
2743357
2743358
2743469
2744470
2744574
2745196
2745199
2745202
2745496
2745500
2745518
2746961
2748078
2748098
2748321
2748379
2748908
2749040
2749084
2749087
2749828
2750995
2751333
2752311
2752316
2752516
2754044
2754045
2755382
2755554
2755556
2756131
2758038
2758039
2758412
2758565
2758568
2758569
2758570
2758710
2759752
2759755
2759953
2759956
2760308
2760309
2760311
2760312
2760313
2760662
2760844
2761452
2761496
2761955
2762210
2762214
2762277
2762298
2762328
2762329
2762563
2762599
2762611
2762745
2763006
2763008
2766778
2767464
2768066
2768069
2768362
2768444
2768445
2768446
2768449
2768450
2768452
2768454
2768455
2769256
2769279
2769312
2769343
2769344
2769345
2769346
2769347
2769348
2769349
2770510
2770551
2771436
2772301
2772401
2773264
2774015
2774054
2774055
2774145
2775581
2777983
2778070
2778550
2779588
2781240
2781952
2781962
2781979
2782568
2782694
2785331
2785627
2785916
2789216
2789424
2789880
2792224
2792791
2793075
2794590
2795030
2795389
2795737
2796394
2797506
2798581
2798584
2799498
2799638
2799789
2801030
2803858
2803863
2804918
2806554
2806598
2806602
2807196
2807577
2809020
2810514
2810516
2811411
2811789
2812055
2813360
2815733
2816859
2817475
2818390
2818473
2819190
2819261
2819280
2820060
2820278
2820289
2820809
2821098
2821140
2823109
2824875
2824896
2827239
2828728
2828731
2828733
2829161
2829500
2829569
2831897
2833578
2833585
2833771
2833772
2838512
2838513
2838530
2838651
2838742
2838756
2840183
2840478
2840479
2840701
2840838
2841688
2841698
2849652
2854755
2860329
2861806
2866724
2880159
2880988
2883479
2884022
2886935
2886936
2886940
2886947
2895946
2897391
2899263
2900548
2903579
2903589
2903590
2903591
2903595
2903596
2903612
2903621
2903627
2903630
2903631
2903632
2903637
2903640
2903642
2903645
2903646
2903647
2903658
2903669
2903672
2903851
2903872
2903882
2907156
2908204
2908642
2912228
2913261
2918902
2919747
2920197
2920428
2920688
2925318
2925397
2926469
2926470
2926617
2926665
2927839
2928153
2929485
2931392
2931921
2933563
2935737
2936270
2937790
2937794
2940490
2940530
2940557
2940640
2949758
2949771
2949776
2949815
2949825
2949878
2950438
2950872
2950874
2953743
2954373
2954382
2954383
2954384
2954439
2954440
2959716
2962571
2962590
2968969
2970330
2972477
2972786
2975362
2975363
2975369
2975381
2975406
2975408
2975414
2975418
2975420
2975431
2975438
2975440
2975601
2975623
2975624
2975641
2975649
2975650
2975671
2975674
2975680
2975691
2975701
2975705
2975709
2975713
2975714
2975747
2975753
2975761
2975762
2975788
2975789
2975792
2975793
2975801
2975804
2975809
2975972
2976006
2978220
2979871
2980026
2980102
2984863
2985033
2985042
2985073
2985083
2985084
2985097
2985127
2985147
2986766
2986998
2987521
2989769
2991712
2992143
2994442
2994495
2995413
3002643
3014044
3018057
3018084
3018109
3018127
3018819
3019553
3022769
3022772
3023369
3024400
3028622
3030830
3031815
3034506
3037798
3038545
3038554
3038560
3038561
3038642
3039157
3039388
3039389
3041164
3041344
3043332
3047468
3047873
3048609
3048629
3048689
3049542
3050585
3051164
3053457
3054776
3057165
3057166
3057167
3058596
3059203
3061168
3061631
3062598
3062664
3062685
3064532
3067653
3067780
3073862
3075432
3075514
3075931
3076087
3077323
3077585
3078198
3078804
3079795
3079930
3080020
3080811
3095028
3098592
3104013
3107663
3110268
3111921
3115366
3115853
3118328
3119538
3120821
3123416
3126101
3136564
3137154
3142634
3149228
3151385
3151598
3152302
3156396
3156398
3158548
3160966
3163031
3236988
3238584
3238624
3238625
3238627
3238628
3238631
3238632
